 BEGIN header
  
 CASTEP calculation from Materials Studio                                        
 END header
  
                                      0
                     -1.2688462665178334E+002   -1.2688462665178334E+002                             <-- E
                      7.6819696370677502E+000   -4.4351872378675896E+000    0.0000000000000000E+000  <-- h
                      0.0000000000000000E+000    8.8703744757351828E+000    0.0000000000000000E+000  <-- h
                      0.0000000000000000E+000    0.0000000000000000E+000    3.7794522691670991E+001  <-- h
                      8.5545334145826902E-005   -6.6960374181895217E-009    3.2853961541666319E-011  <-- S
                     -6.6960374181895217E-009    8.5553358342087298E-005    1.0454639614604024E-011  <-- S
                      3.2853961541666319E-011    1.0454639614604024E-011    5.8681213990417943E-008  <-- S
 Fe              1    2.5606565456892509E+000   -2.2204460492503131E-015    0.0000000000000000E+000  <-- R
 Fe              2    6.4016413642231251E+000   -2.2175936189337966E+000    0.0000000000000000E+000  <-- R
 Fe              3    2.5606565456892509E+000    4.4351872378675896E+000    0.0000000000000000E+000  <-- R
 Fe              4    6.4016413642231251E+000    2.2175936189337948E+000    0.0000000000000000E+000  <-- R
 Fe              1    4.5280076530671068E-008   -6.2384166273100248E-008   -2.0974755063411717E-010  <-- F
 Fe              2    1.5384246702529070E-008   -6.7769050983503043E-008   -6.2173779236194054E-009  <-- F
 Fe              3   -1.9200589988799835E-008    8.4260080846158770E-008    4.7449516783071313E-009  <-- F
 Fe              4   -4.1463733243094404E-008    4.5893136410205102E-008    1.6821737959464549E-009  <-- F
  
                                      1
                     -1.2689048131803615E+002   -1.2689048131803615E+002                             <-- E
                      7.4128211047235730E+000   -4.2797656406009370E+000   -8.4372711168880696E-008  <-- h
                      2.4325585540588846E-005    8.5595734143519575E+000   -3.7979959542974136E-008  <-- h
                     -5.0853410684776598E-007   -1.6182343222400566E-007    3.7793614387242997E+001  <-- h
                     -2.8891671018997960E-005   -3.9469864884358698E-009    4.7427047487113555E-013  <-- S
                     -3.9469864884358698E-009   -2.8886909879797568E-005   -1.8907388309992796E-014  <-- S
                      4.7427047487113555E-013   -1.8907388309992796E-014    4.2743506956882410E-008  <-- S
 Fe              1    2.4709445776956600E+000    6.8083802700101539E-006   -3.5199192786631721E-008  <-- R
 Fe              2    6.1773550275938227E+000   -2.1398760303763287E+000   -9.8722872928861044E-008  <-- R
 Fe              3    2.4709565194918337E+000    4.2797940181555525E+000   -3.6591545612006217E-008  <-- R
 Fe              4    6.1773669955495896E+000    2.1399110663582408E+000   -8.9655980638179291E-008  <-- R
 Fe              1    1.0630267524552912E-008    3.8002574931581714E-008    1.6295922050071000E-011  <-- F
 Fe              2    4.3164754105651264E-008    2.2531644097232856E-008    7.8192860755110700E-010  <-- F
 Fe              3   -3.5532413041780482E-008   -3.4645854816100017E-008   -5.7079615884077378E-010  <-- F
 Fe              4   -1.8262608589672607E-008   -2.5888364211640212E-008   -2.2742837076043808E-010  <-- F
  
                                      2
                     -1.2689099805115572E+002   -1.2689099805115572E+002                             <-- E
                      7.4789692116406066E+000   -4.3179623871173334E+000   -6.4682951465368271E-008  <-- h
                      1.9122840356792326E-005    8.6359578959657721E+000   -2.9090367078902164E-008  <-- h
                     -3.8957548982208446E-007   -1.2388052677002103E-007    3.7793804675162562E+001  <-- h
                      4.2483815262266109E-006   -5.2531628390263676E-010   -1.0714743578874283E-014  <-- S
                     -5.2531628390263676E-010    4.2486743224811413E-006    3.8572985858350582E-015  <-- S
                     -1.0714743578874283E-014    3.8572985858350582E-015    7.9030136454316554E-008  <-- S
 Fe              1    2.4929930455718026E+000    5.3596272908703374E-006   -2.6977933442093107E-008  <-- R
 Fe              2    6.2324775761257705E+000   -2.1589758500596119E+000   -7.5565708710290849E-008  <-- R
 Fe              3    2.4930024306332390E+000    4.3179846872818324E+000   -2.8118544154831067E-008  <-- R
 Fe              4    6.2324869795645323E+000    2.1590033931529873E+000   -6.8748645576814361E-008  <-- R
 Fe              1    5.3367551109603505E-009    2.6324870673209889E-008    2.7072092785227129E-011  <-- F
 Fe              2    3.1822924075192692E-008    1.2801520114135559E-008    7.8151140096116501E-010  <-- F
 Fe              3   -2.3527991918057650E-008   -2.2181505994719125E-008   -5.9819762804344690E-010  <-- F
 Fe              4   -1.3631687266217989E-008   -1.6944884791564594E-008   -2.1038586570303150E-010  <-- F
  
                                      3
                     -1.2689100984784807E+002   -1.2689100984784807E+002                             <-- E
                      7.4704225139953087E+000   -4.3130269913666117E+000   -6.7234527028592217E-008  <-- h
                      1.9957768121743652E-005    8.6260885506014500E+000   -3.0239150142409980E-008  <-- h
                     -4.0497291581910404E-007   -1.2878094053219338E-007    3.7793727921760478E+001  <-- h
                      4.3511052916724157E-007   -1.1785443488413163E-009    3.8022313508997774E-014  <-- S
                     -1.1785443488413163E-009    4.3553224616029413E-007    1.2465912447485804E-014  <-- S
                      3.8022313508997774E-014    1.2465912447485804E-014    3.6505356139963221E-007  <-- S
 Fe              1    2.4901442909035589E+000    5.5982035938060296E-006   -2.8038346556255252E-008  <-- R
 Fe              2    6.2253554734782499E+000   -2.1565079161267464E+000   -7.8431103820726618E-008  <-- R
 Fe              3    2.4901540826149819E+000    4.3130502608848929E+000   -2.9317117314206711E-008  <-- R
 Fe              4    6.2253652819391343E+000    2.1565366615185737E+000   -7.1492578946209714E-008  <-- R
 Fe              1    8.9074058803996066E-009    2.5501796852528941E-008    2.6147855264451368E-011  <-- F
 Fe              2    2.8595462012958417E-008    1.5737324947257967E-008    7.8607678061316248E-010  <-- F
 Fe              3   -2.3658824448952738E-008   -2.2698132745946667E-008   -5.9973322161195563E-010  <-- F
 Fe              4   -1.3844043443574434E-008   -1.8540989052634892E-008   -2.1249141426571940E-010  <-- F
  
                                      4
                     -1.2689101005014507E+002   -1.2689101005014507E+002                             <-- E
                      7.4694451271814319E+000   -4.3124624280006367E+000   -6.7532063793884769E-008  <-- h
                      2.0265254051166033E-005    8.6249599564500095E+000   -3.0373020608342434E-008  <-- h
                     -4.0676433605304467E-007   -1.2935077612238812E-007    3.7793440360215079E+001  <-- h
                     -2.6331395223687201E-007   -1.6255361239016671E-009    3.8684387557581294E-014  <-- S
                     -1.6255361239016671E-009   -2.7397454210980027E-007    1.4548894856577693E-014  <-- S
                      3.8684387557581294E-014    1.4548894856577693E-014    1.2689974599965667E-007  <-- S
 Fe              1    2.4898185486605691E+000    5.6907739671727709E-006   -2.8157509851613492E-008  <-- R
 Fe              2    6.2245410409662378E+000   -2.1562255436624178E+000   -7.8630052461250058E-008  <-- R
 Fe              3    2.4898284875743193E+000    4.3124860495135078E+000   -2.9559910814214936E-008  <-- R
 Fe              4    6.2245509949789684E+000    2.1562547321234629E+000   -7.1849043405889871E-008  <-- R
 Fe              1    9.3615045316873774E-009    2.4818280945034111E-008    2.6161802345064331E-011  <-- F
 Fe              2    2.8318833787270038E-008    1.2811311796219644E-008    7.7911888492722216E-010  <-- F
 Fe              3   -2.2931025848749751E-008   -2.2328098056661493E-008   -5.9434815067699341E-010  <-- F
 Fe              4   -1.4749312468127302E-008   -1.5301494684326257E-008   -2.1093253659526414E-010  <-- F
  
