%BLOCK LATTICE_CART
       2.129995283468192      -1.229753350282993       0.000000000000000
       0.000000000000000       2.459506700565988       0.000000000000000
      -0.000000000000000       0.000000000000000      30.000000000000007
%ENDBLOCK LATTICE_CART

%BLOCK POSITIONS_FRAC
  C  -0.6666666666666665  -0.3333333333333333   0.0000000000000000
  C   0.6666666666666665   0.3333333333333334  -0.0000000000000000
%ENDBLOCK POSITIONS_FRAC

%BLOCK KPOINTS_LIST
   0.4000000000000000   0.3333333333333333   0.0000000000000000       0.133333333333333
   0.4000000000000000   0.0000000000000000   0.0000000000000000       0.133333333333333
   0.4000000000000000  -0.3333333333333333   0.0000000000000000       0.133333333333333
   0.2000000000000000   0.3333333333333333   0.0000000000000000       0.133333333333333
   0.2000000000000000   0.0000000000000000   0.0000000000000000       0.133333333333333
   0.2000000000000000  -0.3333333333333333   0.0000000000000000       0.133333333333333
   0.0000000000000000   0.3333333333333333   0.0000000000000000       0.133333333333333
   0.0000000000000000   0.0000000000000000   0.0000000000000000       0.066666666666667
%ENDBLOCK KPOINTS_LIST

%BLOCK SYMMETRY_OPS
       1.000000000000000      -0.000000000000000       0.000000000000000
       0.000000000000000       1.000000000000000       0.000000000000000
       0.000000000000000       0.000000000000000       1.000000000000000
       0.000000000000000       0.000000000000000       0.000000000000000
      -0.500000000000000       0.866025403784439      -0.000000000000000
      -0.866025403784439      -0.500000000000000      -0.000000000000000
       0.000000000000000       0.000000000000000       1.000000000000000
       0.000000000000000       0.000000000000000       0.000000000000000
      -0.500000000000000      -0.866025403784439      -0.000000000000000
       0.866025403784439      -0.500000000000000       0.000000000000000
      -0.000000000000000       0.000000000000000       1.000000000000000
       0.000000000000000       0.000000000000000       0.000000000000000
      -1.000000000000000      -0.000000000000000      -0.000000000000000
       0.000000000000000      -1.000000000000000      -0.000000000000000
      -0.000000000000000       0.000000000000000       1.000000000000000
       0.000000000000000       0.000000000000000       0.000000000000000
       0.500000000000000      -0.866025403784439      -0.000000000000000
       0.866025403784439       0.500000000000000       0.000000000000000
      -0.000000000000000       0.000000000000000       1.000000000000000
       0.000000000000000       0.000000000000000       0.000000000000000
       0.500000000000000       0.866025403784439      -0.000000000000000
      -0.866025403784439       0.500000000000000      -0.000000000000000
       0.000000000000000       0.000000000000000       1.000000000000000
       0.000000000000000       0.000000000000000       0.000000000000000
       0.500000000000000       0.866025403784439       0.000000000000000
       0.866025403784439      -0.500000000000000       0.000000000000000
      -0.000000000000000      -0.000000000000000      -1.000000000000000
       0.000000000000000       0.000000000000000       0.000000000000000
       0.500000000000000      -0.866025403784438       0.000000000000000
      -0.866025403784439      -0.500000000000000      -0.000000000000000
       0.000000000000000      -0.000000000000000      -1.000000000000000
       0.000000000000000       0.000000000000000       0.000000000000000
      -1.000000000000000      -0.000000000000001      -0.000000000000000
       0.000000000000000       1.000000000000000       0.000000000000000
       0.000000000000000      -0.000000000000000      -1.000000000000000
       0.000000000000000       0.000000000000000       0.000000000000000
      -0.500000000000000      -0.866025403784439       0.000000000000000
      -0.866025403784439       0.500000000000000      -0.000000000000000
       0.000000000000000      -0.000000000000000      -1.000000000000000
       0.000000000000000       0.000000000000000       0.000000000000000
      -0.500000000000000       0.866025403784438       0.000000000000000
       0.866025403784439       0.500000000000000       0.000000000000000
      -0.000000000000000      -0.000000000000000      -1.000000000000000
       0.000000000000000       0.000000000000000       0.000000000000000
       1.000000000000000       0.000000000000001       0.000000000000000
      -0.000000000000000      -1.000000000000000       0.000000000000000
       0.000000000000000       0.000000000000000      -1.000000000000000
       0.000000000000000       0.000000000000000       0.000000000000000
      -1.000000000000000       0.000000000000000       0.000000000000000
      -0.000000000000000      -1.000000000000000       0.000000000000000
       0.000000000000000       0.000000000000000      -1.000000000000000
       0.000000000000000       0.000000000000000       0.000000000000000
       0.500000000000000      -0.866025403784439       0.000000000000000
       0.866025403784439       0.500000000000000       0.000000000000000
      -0.000000000000000      -0.000000000000000      -1.000000000000000
       0.000000000000000       0.000000000000000       0.000000000000000
       0.500000000000000       0.866025403784439       0.000000000000000
      -0.866025403784439       0.500000000000000      -0.000000000000000
       0.000000000000000      -0.000000000000000      -1.000000000000000
       0.000000000000000       0.000000000000000       0.000000000000000
       1.000000000000000       0.000000000000000       0.000000000000000
      -0.000000000000000       1.000000000000000       0.000000000000000
       0.000000000000000      -0.000000000000000      -1.000000000000000
       0.000000000000000       0.000000000000000       0.000000000000000
      -0.500000000000000       0.866025403784439       0.000000000000000
      -0.866025403784439      -0.500000000000000      -0.000000000000000
       0.000000000000000      -0.000000000000000      -1.000000000000000
       0.000000000000000       0.000000000000000       0.000000000000000
      -0.500000000000000      -0.866025403784439       0.000000000000000
       0.866025403784439      -0.500000000000000       0.000000000000000
      -0.000000000000000      -0.000000000000000      -1.000000000000000
       0.000000000000000       0.000000000000000       0.000000000000000
      -0.500000000000000      -0.866025403784439      -0.000000000000000
      -0.866025403784439       0.500000000000000      -0.000000000000000
       0.000000000000000       0.000000000000000       1.000000000000000
       0.000000000000000       0.000000000000000       0.000000000000000
      -0.500000000000000       0.866025403784438      -0.000000000000000
       0.866025403784439       0.500000000000000       0.000000000000000
      -0.000000000000000       0.000000000000000       1.000000000000000
       0.000000000000000       0.000000000000000       0.000000000000000
       1.000000000000000       0.000000000000001       0.000000000000000
      -0.000000000000000      -1.000000000000000      -0.000000000000000
       0.000000000000000       0.000000000000000       1.000000000000000
       0.000000000000000       0.000000000000000       0.000000000000000
       0.500000000000000       0.866025403784439      -0.000000000000000
       0.866025403784439      -0.500000000000000       0.000000000000000
      -0.000000000000000       0.000000000000000       1.000000000000000
       0.000000000000000       0.000000000000000       0.000000000000000
       0.500000000000000      -0.866025403784438      -0.000000000000000
      -0.866025403784439      -0.500000000000000      -0.000000000000000
       0.000000000000000       0.000000000000000       1.000000000000000
       0.000000000000000       0.000000000000000       0.000000000000000
      -1.000000000000000      -0.000000000000001      -0.000000000000000
       0.000000000000000       1.000000000000000       0.000000000000000
      -0.000000000000000       0.000000000000000       1.000000000000000
       0.000000000000000       0.000000000000000       0.000000000000000
%ENDBLOCK SYMMETRY_OPS

FIX_COM : false
%BLOCK IONIC_CONSTRAINTS
%ENDBLOCK IONIC_CONSTRAINTS

%BLOCK EXTERNAL_EFIELD
    0.0000000000     0.0000000000     0.0000000000 
%ENDBLOCK EXTERNAL_EFIELD

%BLOCK EXTERNAL_PRESSURE
    0.0000000000    0.0000000000    0.0000000000
                    0.0000000000    0.0000000000
                                    0.0000000000
%ENDBLOCK EXTERNAL_PRESSURE

%BLOCK SPECIES_MASS
       C     12.0109996796
%ENDBLOCK SPECIES_MASS

%BLOCK SPECIES_POT
       C  C_00PBE.usp
%ENDBLOCK SPECIES_POT

%BLOCK SPECIES_LCAO_STATES
       C         2
%ENDBLOCK SPECIES_LCAO_STATES

