 BEGIN header
  
 CASTEP calculation from Materials Studio                                        
 END header
  
                                      0
                     -1.2676765429759288E+002   -1.2676765429759288E+002                             <-- E
                      9.2922001948862167E+000    0.0000000000000000E+000    0.0000000000000000E+000  <-- h
                      0.0000000000000000E+000    9.2922001948862167E+000    0.0000000000000000E+000  <-- h
                      0.0000000000000000E+000    0.0000000000000000E+000    3.7794522691670991E+001  <-- h
                      2.0320675879214155E-004    2.8540932963611276E-011    4.1080868404758609E-010  <-- S
                      2.8540932963611276E-011    2.0321057795316197E-004    4.6254918763927149E-010  <-- S
                      4.1080868404758609E-010    4.6254918763927149E-010    2.9111150991739914E-008  <-- S
 Fe              1    0.0000000000000000E+000    0.0000000000000000E+000    0.0000000000000000E+000  <-- R
 Fe              2    4.6461000974431075E+000    0.0000000000000000E+000    0.0000000000000000E+000  <-- R
 Fe              3    0.0000000000000000E+000    4.6461000974431075E+000    0.0000000000000000E+000  <-- R
 Fe              4    4.6461000974431075E+000    4.6461000974431075E+000    0.0000000000000000E+000  <-- R
 Fe              1   -1.5211273661881231E-007    9.2237769812078125E-008   -5.9514766557797254E-007  <-- F
 Fe              2    1.4759572794339402E-007   -2.8101404900351588E-008   -2.3143826163076113E-006  <-- F
 Fe              3    1.5378274314902247E-007   -5.7270439601751284E-008    2.2466283345190075E-006  <-- F
 Fe              4   -1.4926573447333675E-007   -6.8659253102143275E-009    6.6290194736657692E-007  <-- F
  
                                      1
                     -1.2683116880377156E+002   -1.2683116880377156E+002                             <-- E
                      8.7922095919402157E+000   -7.0225017937096416E-008   -1.0107955210412453E-006  <-- h
                     -7.0225017937096416E-008    8.7922001948875170E+000   -1.1381031250860418E-006  <-- h
                     -4.1112474392939555E-006   -4.6290505460911224E-006    3.7794231356191446E+001  <-- h
                      1.5890667116337607E-004   -1.5308640090003961E-010   -2.2094459826590161E-011  <-- S
                     -1.5308640090003961E-010    1.5890811629417671E-004   -2.7809660299299300E-011  <-- S
                     -2.2094459826590161E-011   -2.7809660299299300E-011    2.2670635935309561E-008  <-- S
 Fe              1   -3.3051695806371551E-007    2.0041815445857796E-007   -1.3666907936808060E-006  <-- R
 Fe              2    4.3961051166730396E+000   -9.6171738124934566E-008   -5.8201215557136658E-006  <-- R
 Fe              3    2.9903269805794456E-007    4.3960999730035786E+000    4.5900819651580453E-006  <-- R
 Fe              4    4.3961044365264170E+000    4.3961000474125020E+000    4.4783173810914031E-007  <-- R
 Fe              1    2.7461169253807395E-008    1.1589829316612708E-008   -4.1327071098987693E-007  <-- F
 Fe              2   -4.7676341089402411E-008   -6.1872911993357785E-009   -1.6950759101501965E-006  <-- F
 Fe              3   -3.5841692419844512E-008   -1.0815090687887146E-008    1.6257620284894703E-006  <-- F
 Fe              4    5.6056864263574988E-008    5.4125525840360948E-009    4.8258459265060289E-007  <-- F
  
                                      2
                     -1.2686616056166578E+002   -1.2686616056166578E+002                             <-- E
                      8.2922186693251394E+000   -9.9864514864709875E-008   -1.9415695226160008E-006  <-- h
                     -9.9864474114738804E-008    8.2922001948886148E+000   -2.1854227185380992E-006  <-- h
                     -7.9145311584733982E-006   -8.9087198629492167E-006    3.7793941265988522E+001  <-- h
                      4.1811622515850320E-005   -3.4398190174510346E-011   -2.5160335571626965E-011  <-- S
                     -3.4398190174510346E-011    4.1815640927443251E-005   -5.4579062902450722E-011  <-- S
                     -2.5160335571626965E-011   -5.4579062902450722E-011    6.0430305193079956E-008  <-- S
 Fe              1   -5.9502147163617000E-007    3.6629013175402786E-007   -2.7271339047292503E-006  <-- R
 Fe              2    4.1461099079352088E+000   -1.6204007665881992E-007   -1.1596159830314386E-005  <-- R
 Fe              3    5.5005193174722054E-007    4.1460998693101612E+000    9.2170757619222519E-006  <-- R
 Fe              4    4.1461087064949931E+000    4.1461000214638819E+000    9.7922573196729187E-007  <-- R
 Fe              1    3.0293091619788067E-008   -1.1856667714903890E-008   -1.5182316955155782E-006  <-- F
 Fe              2   -2.9257179658487330E-008   -2.2233821228547506E-009   -4.0482780448168128E-006  <-- F
 Fe              3   -3.0541904155654559E-008    1.8374407748077185E-008    3.8387369273352040E-006  <-- F
 Fe              4    2.9505992192894929E-008   -4.2943579097740275E-009    1.7277728129971882E-006  <-- F
  
                                      3
                     -1.2686744312562492E+002   -1.2686744312562492E+002                             <-- E
                      8.1271813030784124E+000   -1.1095746724871486E-007   -2.2446182641693281E-006  <-- h
                     -1.1095739718679362E-007    8.1271590348546514E+000   -2.5209026093831515E-006  <-- h
                     -9.1586941839626570E-006   -1.0288743784487195E-005    3.7793803029433143E+001  <-- h
                     -1.9086290492930688E-005   -1.3214055248349111E-011   -2.0725437755304168E-012  <-- S
                     -1.3214055248349111E-011   -1.9082669629717335E-005    9.9523924969530847E-011  <-- S
                     -2.0725437755304168E-012    9.9523924969530847E-011    2.4873144328676292E-007  <-- S
 Fe              1   -6.7075635195211623E-007    4.1371653707228602E-007   -3.4964672578386918E-006  <-- R
 Fe              2    4.0635912980610636E+000   -1.8309784295747921E-007   -1.4321319248383079E-005  <-- R
 Fe              3    6.2098511190663448E-007    4.0635792617446826E+000    1.1526644206519607E-005  <-- R
 Fe              4    4.0635899438311895E+000    4.0635794315338067E+000    1.5256214261496896E-006  <-- R
 Fe              1    6.4305499723198533E-008   -2.2831837185906973E-008   -2.2479474628858932E-006  <-- F
 Fe              2   -6.3278684407940741E-008   -6.8211559953686174E-010   -7.9279192118572950E-006  <-- F
 Fe              3   -7.1353784498781653E-008    4.1848261653106447E-008    7.5996859374802342E-006  <-- F
 Fe              4    7.0326969185936740E-008   -1.8334308869960491E-008    2.5761807372629545E-006  <-- F
  
                                      4
                     -1.2686772428964282E+002   -1.2686772428964282E+002                             <-- E
                      8.1781901989537609E+000   -1.0434109049734752E-007   -2.1494683355456433E-006  <-- h
                     -1.0434101132793714E-007    8.1781685035784939E+000   -2.4254406100445012E-006  <-- h
                     -8.7684751660702613E-006   -9.8909428414096670E-006    3.7793737274730823E+001  <-- h
                      1.0600803509997944E-006    3.6985133820152296E-012   -1.2157898435507243E-011  <-- S
                      3.6985133820152296E-012    1.0659973336651940E-006    2.4286893791970291E-011  <-- S
                     -1.2157898435507243E-011    2.4286893791970291E-011    5.9719411263475252E-008  <-- S
 Fe              1   -6.4065986295869566E-007    3.9674059569434423E-007   -3.6026817998607557E-006  <-- R
 Fe              2    4.0890957167941355E+000   -1.7522543727851654E-007   -1.4622813406366271E-005  <-- R
 Fe              3    5.9332204566505335E-007    4.0890840090261031E+000    1.1903626161333198E-005  <-- R
 Fe              4    4.0890944251564294E+000    4.0890841686961403E+000    1.7469600993036886E-006  <-- R
 Fe              1    3.5834860183968090E-008   -1.9579416513728133E-008   -2.2002168961205904E-006  <-- F
 Fe              2   -4.8950522167613076E-008   -5.5358603259668017E-009   -8.2083405653231773E-006  <-- F
 Fe              3   -3.0367960319478598E-008    2.7613484564591041E-008    7.8657423020548982E-006  <-- F
 Fe              4    4.3483622307769844E-008   -2.4982077252447899E-009    2.5428151593888695E-006  <-- F
  
                                      5
                     -1.2686772459235350E+002   -1.2686772459235350E+002                             <-- E
                      8.1754832872290404E+000   -1.0514209435458718E-007   -2.1526569854887370E-006  <-- h
                     -1.0514200341996857E-007    8.1754606320976517E+000   -2.4350413281452284E-006  <-- h
                     -8.7825064433314245E-006   -9.9282516063336940E-006    3.7793700806886932E+001  <-- h
                      1.2135424430118909E-007    8.3335689148902727E-012    1.7194661948712025E-012  <-- S
                      8.3335689148902727E-012    1.2778220831278906E-007    2.5752772417058718E-010  <-- S
                      1.7194661948712025E-012    2.5752772417058718E-010    1.8966345600902149E-007  <-- S
 Fe              1   -6.3735158532259584E-007    3.9504723556452296E-007   -3.9717178555079459E-006  <-- R
 Fe              2    4.0877422559478616E+000   -1.7656437815492890E-007   -1.5999534058401832E-005  <-- R
 Fe              3    5.9029246897423081E-007    4.0877300763296134E+000    1.3216859821531918E-005  <-- R
 Fe              4    4.0877409731982892E+000    4.0877302321430857E+000    2.1666937787438974E-006  <-- R
 Fe              1    3.8489066871206741E-008   -1.6890101138042465E-008   -2.4299103532375457E-006  <-- F
 Fe              2   -4.1868223799430943E-008   -4.7934226405628918E-009   -9.1588068175368282E-006  <-- F
 Fe              3   -3.8189578523306164E-008    2.8290652630576086E-008    8.7756819302985944E-006  <-- F
 Fe              4    4.1568735452570959E-008   -6.6071288529965864E-009    2.8130352404757805E-006  <-- F
  
